2.41886949539 -0.219425350428 0.0
4.78787231445 -0.340532809496 0.0
6.61511135101 -0.195659905672 0.0
7.03759431839 0.817454397678 0.0
6.99006128311 2.02196121216 0.0
6.50875139236 3.52814102173 0.0
6.00935125351 4.08530902863 0.0
5.07686567307 4.90745210648 0.0
4.43973922729 5.90443134308 0.0
3.40130805969 6.8379149437 0.0
2.50679659843 7.69523906708 0.0
1.39686918259 8.73974514008 0.0
0.0610558614135 9.42269897461 0.0
-1.0356388092 9.29969024658 0.0
-1.91823863983 8.95272636414 0.0
-2.84813261032 8.06049346924 0.0
-3.74372363091 7.0934419632 0.0
-5.34030818939 5.73988342285 0.0
-6.67520523071 4.67287826538 0.0
-7.34673118591 3.99337315559 0.0
-8.0321931839 2.62088298798 0.0
-7.95455551147 1.0135358572 0.0
-6.44065141678 0.10743881017 0.0
-4.7667183876 -0.108729742467 0.0
-2.61347913742 -0.079887419939 0.0
-0.242131307721 -0.092982634902 0.0
2.41886949539 -0.219425350428 0.0
4.78787231445 -0.340532809496 0.0
6.61511135101 -0.195659905672 0.0
7.03759431839 0.817454397678 0.0
6.99006128311 2.02196121216 0.0
6.50875139236 3.52814102173 0.0
6.00935125351 4.08530902863 0.0
5.07686567307 4.90745210648 0.0
4.43973922729 5.90443134308 0.0
3.40130805969 6.8379149437 0.0
2.50679659843 7.69523906708 0.0
1.39686918259 8.73974514008 0.0
0.0610558614135 9.42269897461 0.0
-1.0356388092 9.29969024658 0.0
-1.91823863983 8.95272636414 0.0
-2.84813261032 8.06049346924 0.0
-3.74372363091 7.0934419632 0.0
-5.34030818939 5.73988342285 0.0
-6.67520523071 4.67287826538 0.0
-7.34673118591 3.99337315559 0.0
-8.0321931839 2.62088298798 0.0
-7.95455551147 1.0135358572 0.0
-6.44065141678 0.10743881017 0.0
-4.7667183876 -0.108729742467 0.0
-2.61347913742 -0.079887419939 0.0
-0.242131307721 -0.092982634902 0.0
2.41886949539 -0.219425350428 0.0
4.78787231445 -0.340532809496 0.0
6.61511135101 -0.195659905672 0.0
7.03759431839 0.817454397678 0.0
6.99006128311 2.02196121216 0.0
6.50875139236 3.52814102173 0.0
6.00935125351 4.08530902863 0.0
5.07686567307 4.90745210648 0.0
4.43973922729 5.90443134308 0.0
3.40130805969 6.8379149437 0.0
2.50679659843 7.69523906708 0.0
1.39686918259 8.73974514008 0.0
0.0610558614135 9.42269897461 0.0
-1.0356388092 9.29969024658 0.0
-1.91823863983 8.95272636414 0.0
-2.84813261032 8.06049346924 0.0
-3.74372363091 7.0934419632 0.0
-5.34030818939 5.73988342285 0.0
-6.67520523071 4.67287826538 0.0
-7.34673118591 3.99337315559 0.0
-8.0321931839 2.62088298798 0.0
-7.95455551147 1.0135358572 0.0
-6.44065141678 0.10743881017 0.0
-4.7667183876 -0.108729742467 0.0
-2.61347913742 -0.079887419939 0.0
-0.242131307721 -0.092982634902 0.0
2.41886949539 -0.219425350428 0.0
4.78787231445 -0.340532809496 0.0
6.61511135101 -0.195659905672 0.0
7.03759431839 0.817454397678 0.0
6.99006128311 2.02196121216 0.0
6.50875139236 3.52814102173 0.0
6.00935125351 4.08530902863 0.0
5.07686567307 4.90745210648 0.0
4.43973922729 5.90443134308 0.0
3.40130805969 6.8379149437 0.0
2.50679659843 7.69523906708 0.0
1.39686918259 8.73974514008 0.0
0.0610558614135 9.42269897461 0.0
-1.0356388092 9.29969024658 0.0
-1.91823863983 8.95272636414 0.0
-2.84813261032 8.06049346924 0.0
-3.74372363091 7.0934419632 0.0
-5.34030818939 5.73988342285 0.0
-6.67520523071 4.67287826538 0.0
-7.34673118591 3.99337315559 0.0
-8.0321931839 2.62088298798 0.0
-7.95455551147 1.0135358572 0.0
-6.44065141678 0.10743881017 0.0
-4.7667183876 -0.108729742467 0.0
-2.61347913742 -0.079887419939 0.0
-0.242131307721 -0.092982634902 0.0
2.41886949539 -0.219425350428 0.0
4.78787231445 -0.340532809496 0.0
6.61511135101 -0.195659905672 0.0
7.03759431839 0.817454397678 0.0
6.99006128311 2.02196121216 0.0
6.50875139236 3.52814102173 0.0
6.00935125351 4.08530902863 0.0
5.07686567307 4.90745210648 0.0
4.43973922729 5.90443134308 0.0
3.40130805969 6.8379149437 0.0
2.50679659843 7.69523906708 0.0
1.39686918259 8.73974514008 0.0
0.0610558614135 9.42269897461 0.0
-1.0356388092 9.29969024658 0.0
-1.91823863983 8.95272636414 0.0
-2.84813261032 8.06049346924 0.0
-3.74372363091 7.0934419632 0.0
-5.34030818939 5.73988342285 0.0
-6.67520523071 4.67287826538 0.0
-7.34673118591 3.99337315559 0.0
-8.0321931839 2.62088298798 0.0
-7.95455551147 1.0135358572 0.0
-6.44065141678 0.10743881017 0.0
-4.7667183876 -0.108729742467 0.0
-2.61347913742 -0.079887419939 0.0
-0.242131307721 -0.092982634902 0.0
